 going into get_shape_funs_with_faces
 just about to allocate
 nloc, sngi, ngi, ndim, nface,max_face_list_no:          16           5          25           2           4           2
 npoly,ele_type:           1           1
 here 1
 here 2
 here 3
 get_shape_funs
 ++++++square= T
 going into SPECTR
 here 1.1
 ndgi,ndnod,nmdnod:           5           4           4
 here 1.2
 here 1.3
 here 1.4
 here 1.5
 here 1.6 d2= T
 just leaving spectr
 out of SPECTR
 going into SPECTR
 just leaving spectr
 out of SPECTR
 sNGI,sNLOC_temp,ndim,IPOLY,IQADRA:           5           4           2           1           1
 snlx(:,idim,siloc):           1           1  -2.3426630551813945       -1.0325672453684958        6.2500000000000069E-002  0.17898870236929115      -0.30375840181940061     
 snlx(:,idim,siloc):           1           2   3.4890845121821887       0.38614578836769992       -1.6874999999999998      -0.82541015937008644        1.4501798588201955     
 snlx(:,idim,siloc):           1           3  -1.4501798588201955       0.82541015937008666        1.6874999999999998      -0.38614578836770019       -3.4890845121821887     
 snlx(:,idim,siloc):           1           4  0.30375840181940050      -0.17898870236929112       -6.2499999999999924E-002   1.0325672453684955        2.3426630551813941     
 sWEIGHT:  0.23692688505618900       0.47862867049936603       0.56888888888888900       0.47862867049936603       0.23692688505618900     
 sndim:           1
 finished get_shape_funs
 sn:  0.76133504728498058       0.15476451077376319       -6.2500000000000000E-002   4.6428336892638269E-002   3.7472105048617671E-002  0.37407177938665220        1.0446032805036360       0.56249999999999978      -0.24579612817003785      -0.17287893172025059      -0.17287893172025054      -0.24579612817003771       0.56250000000000000        1.0446032805036363       0.37407177938665220        3.7472105048617650E-002   4.6428336892638228E-002  -6.2499999999999986E-002  0.15476451077376327       0.76133504728498069     
 snlx:  -2.3426630551813945       -1.0325672453684958        6.2500000000000069E-002  0.17898870236929115      -0.30375840181940061        3.4890845121821887       0.38614578836769992       -1.6874999999999998      -0.82541015937008644        1.4501798588201955       -1.4501798588201955       0.82541015937008666        1.6874999999999998      -0.38614578836770019       -3.4890845121821887       0.30375840181940050      -0.17898870236929112       -6.2499999999999924E-002   1.0325672453684955        2.3426630551813941     
 sweight:  0.23692688505618900       0.47862867049936603       0.56888888888888900       0.47862867049936603       0.23692688505618900     
 snlx(:,idim,siloc):           1           1  -2.3426630551813945       -1.0325672453684958        6.2500000000000069E-002  0.17898870236929115      -0.30375840181940061     
 snlx(:,idim,siloc):           1           2   3.4890845121821887       0.38614578836769992       -1.6874999999999998      -0.82541015937008644        1.4501798588201955     
 snlx(:,idim,siloc):           1           3  -1.4501798588201955       0.82541015937008666        1.6874999999999998      -0.38614578836770019       -3.4890845121821887     
 snlx(:,idim,siloc):           1           4  0.30375840181940050      -0.17898870236929112       -6.2499999999999924E-002   1.0325672453684955        2.3426630551813941     
 detwei:  0.12630228494046430       0.25514999999999977       0.30326641287192185       0.25514999999999971       0.12630228494046436       0.25514999999999954       0.51544215950397909       0.61264469823918843       0.51544215950397909       0.25514999999999954       0.30326641287192191       0.61264469823918843       0.72817777777777748       0.61264469823918843       0.30326641287192185       0.25514999999999965       0.51544215950397898       0.61264469823918843       0.51544215950397876       0.25514999999999954       0.12630228494046439       0.25514999999999954       0.30326641287192185       0.25514999999999965       0.12630228494046428     
 weight:   5.6134348862428594E-002  0.11339999999999985       0.13478507238752088       0.11339999999999985        5.6134348862428594E-002  0.11339999999999985       0.22908540422399071       0.27228653255075053       0.22908540422399071       0.11339999999999985       0.13478507238752088       0.27228653255075053       0.32363456790123468       0.27228653255075053       0.13478507238752088       0.11339999999999985       0.22908540422399071       0.27228653255075053       0.22908540422399071       0.11339999999999985        5.6134348862428594E-002  0.11339999999999985       0.13478507238752088       0.11339999999999985        5.6134348862428594E-002
  
 gi,idim,n(gi,:):           1  0.57963105422442363       0.28479395584731371      -0.13161878965581386        2.8528826869057080E-002  0.28479395584731371       0.13992969613349621       -6.4669129607057674E-002   1.4017257012899957E-002 -0.13161878965581386       -6.4669129607057674E-002   2.9887125032735048E-002  -6.4781374901140259E-003   2.8528826869057080E-002   1.4017257012899957E-002  -6.4781374901140259E-003   1.4041586567746364E-003
 gi,idim,n(gi,:):           2  0.11782764612797988       0.79529308795628162      -0.18713320686280080        3.5347520063519731E-002   5.7893035931046298E-002  0.39075660789112932       -9.1945395030915630E-002   1.7367530595392134E-002  -2.6755523290775386E-002 -0.18058989920493781        4.2492972059009898E-002  -8.0264812835471929E-003   5.7993520055123725E-003   3.9143483861162863E-002  -9.2104983353311406E-003   1.7397675172735501E-003
 gi,idim,n(gi,:):           3  -4.7583440455311286E-002  0.42825096409780139       0.42825096409780156       -4.7583440455311272E-002  -2.3379486211665763E-002  0.21041537590499179       0.21041537590499187       -2.3379486211665759E-002   1.0804933232515659E-002  -9.7244399092640890E-002  -9.7244399092640932E-002   1.0804933232515657E-002  -2.3420065655386031E-003   2.1078059089847421E-002   2.1078059089847428E-002  -2.3420065655386027E-003
 gi,idim,n(gi,:):           4   3.5347520063519766E-002 -0.18713320686280091       0.79529308795628173       0.11782764612797994        1.7367530595392148E-002  -9.1945395030915686E-002  0.39075660789112937        5.7893035931046333E-002  -8.0264812835471998E-003   4.2492972059009926E-002 -0.18058989920493784       -2.6755523290775400E-002   1.7397675172735516E-003  -9.2104983353311458E-003   3.9143483861162870E-002   5.7993520055123751E-003
 gi,idim,n(gi,:):           5   2.8528826869057094E-002 -0.13161878965581392       0.28479395584731371       0.57963105422442374        1.4017257012899966E-002  -6.4669129607057688E-002  0.13992969613349621       0.28479395584731371       -6.4781374901140302E-003   2.9887125032735058E-002  -6.4669129607057674E-002 -0.13161878965581389        1.4041586567746372E-003  -6.4781374901140285E-003   1.4017257012899957E-002   2.8528826869057083E-002
 gi,idim,n(gi,:):           6  0.11782764612797988        5.7893035931046298E-002  -2.6755523290775386E-002   5.7993520055123725E-003  0.79529308795628162       0.39075660789112932      -0.18058989920493781        3.9143483861162863E-002 -0.18713320686280080       -9.1945395030915630E-002   4.2492972059009898E-002  -9.2104983353311406E-003   3.5347520063519731E-002   1.7367530595392134E-002  -8.0264812835471929E-003   1.7397675172735501E-003
 gi,idim,n(gi,:):           7   2.3952053795042262E-002  0.16166751565981335       -3.8040517526321080E-002   7.1854588452286159E-003  0.16166751565981335        1.0911960136389580      -0.25675944182151356        4.8499193026377882E-002  -3.8040517526321080E-002 -0.25675944182151356        6.0415736623381608E-002  -1.1411905445584597E-002   7.1854588452286159E-003   4.8499193026377882E-002  -1.1411905445584597E-002   2.1555904666163118E-003
 gi,idim,n(gi,:):           8  -9.6727819233601992E-003   8.7055037310241765E-002   8.7055037310241792E-002  -9.6727819233601974E-003  -6.5287705031477253E-002  0.58758934528329509       0.58758934528329532       -6.5287705031477239E-002   1.5362258010627357E-002 -0.13826032209564615      -0.13826032209564620        1.5362258010627353E-002  -2.9017710557898892E-003   2.6115939502108994E-002   2.6115939502109005E-002  -2.9017710557898888E-003
 gi,idim,n(gi,:):           9   7.1854588452286219E-003  -3.8040517526321101E-002  0.16166751565981338        2.3952053795042276E-002   4.8499193026377931E-002 -0.25675944182151372        1.0911960136389585       0.16166751565981344       -1.1411905445584606E-002   6.0415736623381636E-002 -0.25675944182151361       -3.8040517526321101E-002   2.1555904666163139E-003  -1.1411905445584602E-002   4.8499193026377896E-002   7.1854588452286193E-003
 gi,idim,n(gi,:):          10   5.7993520055123751E-003  -2.6755523290775393E-002   5.7893035931046298E-002  0.11782764612797990        3.9143483861162884E-002 -0.18058989920493787       0.39075660789112932       0.79529308795628173       -9.2104983353311458E-003   4.2492972059009912E-002  -9.1945395030915630E-002 -0.18713320686280083        1.7397675172735510E-003  -8.0264812835471964E-003   1.7367530595392134E-002   3.5347520063519738E-002
 gi,idim,n(gi,:):          11  -4.7583440455311286E-002  -2.3379486211665763E-002   1.0804933232515659E-002  -2.3420065655386031E-003  0.42825096409780139       0.21041537590499179       -9.7244399092640890E-002   2.1078059089847421E-002  0.42825096409780156       0.21041537590499187       -9.7244399092640932E-002   2.1078059089847428E-002  -4.7583440455311272E-002  -2.3379486211665759E-002   1.0804933232515657E-002  -2.3420065655386027E-003
 gi,idim,n(gi,:):          12  -9.6727819233601992E-003  -6.5287705031477253E-002   1.5362258010627357E-002  -2.9017710557898892E-003   8.7055037310241765E-002  0.58758934528329509      -0.13826032209564615        2.6115939502108994E-002   8.7055037310241792E-002  0.58758934528329532      -0.13826032209564620        2.6115939502109005E-002  -9.6727819233601974E-003  -6.5287705031477239E-002   1.5362258010627353E-002  -2.9017710557898888E-003
 gi,idim,n(gi,:):          13   3.9062500000000000E-003  -3.5156249999999986E-002  -3.5156250000000000E-002   3.9062499999999991E-003  -3.5156249999999986E-002  0.31640624999999978       0.31640624999999989       -3.5156249999999979E-002  -3.5156250000000000E-002  0.31640624999999989       0.31640625000000000       -3.5156249999999993E-002   3.9062499999999991E-003  -3.5156249999999979E-002  -3.5156249999999993E-002   3.9062499999999983E-003
 gi,idim,n(gi,:):          14  -2.9017710557898918E-003   1.5362258010627365E-002  -6.5287705031477267E-002  -9.6727819233602044E-003   2.6115939502109015E-002 -0.13826032209564623       0.58758934528329521        8.7055037310241806E-002   2.6115939502109026E-002 -0.13826032209564629       0.58758934528329543        8.7055037310241834E-002  -2.9017710557898914E-003   1.5362258010627362E-002  -6.5287705031477253E-002  -9.6727819233602026E-003
 gi,idim,n(gi,:):          15  -2.3420065655386044E-003   1.0804933232515662E-002  -2.3379486211665763E-002  -4.7583440455311293E-002   2.1078059089847431E-002  -9.7244399092640918E-002  0.21041537590499179       0.42825096409780145        2.1078059089847438E-002  -9.7244399092640960E-002  0.21041537590499187       0.42825096409780161       -2.3420065655386040E-003   1.0804933232515660E-002  -2.3379486211665759E-002  -4.7583440455311279E-002
 gi,idim,n(gi,:):          16   3.5347520063519766E-002   1.7367530595392148E-002  -8.0264812835471998E-003   1.7397675172735516E-003 -0.18713320686280091       -9.1945395030915686E-002   4.2492972059009926E-002  -9.2104983353311458E-003  0.79529308795628173       0.39075660789112937      -0.18058989920493784        3.9143483861162870E-002  0.11782764612797994        5.7893035931046333E-002  -2.6755523290775400E-002   5.7993520055123751E-003
 gi,idim,n(gi,:):          17   7.1854588452286219E-003   4.8499193026377931E-002  -1.1411905445584606E-002   2.1555904666163139E-003  -3.8040517526321101E-002 -0.25675944182151372        6.0415736623381636E-002  -1.1411905445584602E-002  0.16166751565981338        1.0911960136389585      -0.25675944182151361        4.8499193026377896E-002   2.3952053795042276E-002  0.16166751565981344       -3.8040517526321101E-002   7.1854588452286193E-003
 gi,idim,n(gi,:):          18  -2.9017710557898918E-003   2.6115939502109015E-002   2.6115939502109026E-002  -2.9017710557898914E-003   1.5362258010627365E-002 -0.13826032209564623      -0.13826032209564629        1.5362258010627362E-002  -6.5287705031477267E-002  0.58758934528329521       0.58758934528329543       -6.5287705031477253E-002  -9.6727819233602044E-003   8.7055037310241806E-002   8.7055037310241834E-002  -9.6727819233602026E-003
 gi,idim,n(gi,:):          19   2.1555904666163157E-003  -1.1411905445584613E-002   4.8499193026377937E-002   7.1854588452286263E-003  -1.1411905445584613E-002   6.0415736623381670E-002 -0.25675944182151378       -3.8040517526321121E-002   4.8499193026377937E-002 -0.25675944182151378        1.0911960136389587       0.16166751565981347        7.1854588452286263E-003  -3.8040517526321121E-002  0.16166751565981347        2.3952053795042286E-002
 gi,idim,n(gi,:):          20   1.7397675172735525E-003  -8.0264812835472033E-003   1.7367530595392148E-002   3.5347520063519773E-002  -9.2104983353311510E-003   4.2492972059009940E-002  -9.1945395030915686E-002 -0.18713320686280094        3.9143483861162891E-002 -0.18058989920493793       0.39075660789112937       0.79529308795628184        5.7993520055123786E-003  -2.6755523290775407E-002   5.7893035931046333E-002  0.11782764612797997     
 gi,idim,n(gi,:):          21   2.8528826869057094E-002   1.4017257012899966E-002  -6.4781374901140302E-003   1.4041586567746372E-003 -0.13161878965581392       -6.4669129607057688E-002   2.9887125032735058E-002  -6.4781374901140285E-003  0.28479395584731371       0.13992969613349621       -6.4669129607057674E-002   1.4017257012899957E-002  0.57963105422442374       0.28479395584731371      -0.13161878965581389        2.8528826869057083E-002
 gi,idim,n(gi,:):          22   5.7993520055123751E-003   3.9143483861162884E-002  -9.2104983353311458E-003   1.7397675172735510E-003  -2.6755523290775393E-002 -0.18058989920493787        4.2492972059009912E-002  -8.0264812835471964E-003   5.7893035931046298E-002  0.39075660789112932       -9.1945395030915630E-002   1.7367530595392134E-002  0.11782764612797990       0.79529308795628173      -0.18713320686280083        3.5347520063519738E-002
 gi,idim,n(gi,:):          23  -2.3420065655386044E-003   2.1078059089847431E-002   2.1078059089847438E-002  -2.3420065655386040E-003   1.0804933232515662E-002  -9.7244399092640918E-002  -9.7244399092640960E-002   1.0804933232515660E-002  -2.3379486211665763E-002  0.21041537590499179       0.21041537590499187       -2.3379486211665759E-002  -4.7583440455311293E-002  0.42825096409780145       0.42825096409780161       -4.7583440455311279E-002
 gi,idim,n(gi,:):          24   1.7397675172735525E-003  -9.2104983353311510E-003   3.9143483861162891E-002   5.7993520055123786E-003  -8.0264812835472033E-003   4.2492972059009940E-002 -0.18058989920493793       -2.6755523290775407E-002   1.7367530595392148E-002  -9.1945395030915686E-002  0.39075660789112937        5.7893035931046333E-002   3.5347520063519773E-002 -0.18713320686280094       0.79529308795628184       0.11782764612797997     
 gi,idim,n(gi,:):          25   1.4041586567746379E-003  -6.4781374901140320E-003   1.4017257012899966E-002   2.8528826869057097E-002  -6.4781374901140320E-003   2.9887125032735069E-002  -6.4669129607057688E-002 -0.13161878965581394        1.4017257012899966E-002  -6.4669129607057688E-002  0.13992969613349621       0.28479395584731371        2.8528826869057097E-002 -0.13161878965581394       0.28479395584731371       0.57963105422442374     
  
 gi,idim,nlx(gi,idim,:):           1           1  -1.7835514878893040        2.6563623220635200       -1.1040727513866000       0.23126191721238340      -0.87632413755507521        1.3051680519024007      -0.54247136021955467       0.11362744587222884       0.40499708636025783      -0.60318920314772828       0.25070554479505913       -5.2513428007588570E-002  -8.7784516097272780E-002  0.13074334136399585       -5.4341292009099880E-002   1.1382466742376786E-002
  
 iloc,nnx(idim,iloc,:):           1 -0.11428571428571398       0.16285714285714253       -6.8571428571428519E-002   1.9999999999999976E-002  -8.8392857142857009E-002  0.12595982142857107       -5.3035714285714165E-002   1.5468749999999965E-002   3.2142857142857126E-002  -4.5803571428571332E-002   1.9285714285714243E-002  -5.6249999999999920E-003  -1.6964285714285685E-002   2.4174107142857094E-002  -1.0178571428571417E-002   2.9687499999999957E-003
  
 here1
 here2
 here3
 here3.5
 here4
 idim=           1
 jloc,nxnx(idim,:,jloc):           1  0.28190476190476110      -0.35999999999999921       0.10285714285714265       -2.4761904761904690E-002  0.21803571428571389      -0.27843749999999906        7.9553571428571127E-002  -1.9151785714285656E-002  -7.9285714285714223E-002  0.10124999999999977       -2.8928571428571359E-002   6.9642857142857050E-003   4.1845238095238033E-002  -5.3437499999999902E-002   1.5267857142857125E-002  -3.6755952380952330E-003
 jloc,nxnx(idim,:,jloc):           2 -0.35999999999999921       0.82285714285714218      -0.56571428571428528       0.10285714285714258      -0.27843749999999995       0.63642857142857023      -0.43754464285714217        7.9553571428571349E-002  0.10125000000000002      -0.23142857142857123       0.15910714285714267       -2.8928571428571428E-002  -5.3437499999999909E-002  0.12214285714285694       -8.3973214285714193E-002   1.5267857142857121E-002
 jloc,nxnx(idim,:,jloc):           3  0.10285714285714265      -0.56571428571428528       0.82285714285714218      -0.35999999999999927        7.9553571428571446E-002 -0.43754464285714223       0.63642857142857046      -0.27843749999999978       -2.8928571428571456E-002  0.15910714285714267      -0.23142857142857121       0.10125000000000003        1.5267857142857123E-002  -8.3973214285714165E-002  0.12214285714285700       -5.3437499999999923E-002
 jloc,nxnx(idim,:,jloc):           4  -2.4761904761904690E-002  0.10285714285714258      -0.35999999999999927       0.28190476190476133       -1.9151785714285670E-002   7.9553571428571182E-002 -0.27843749999999934       0.21803571428571400        6.9642857142857102E-003  -2.8928571428571366E-002  0.10124999999999985       -7.9285714285714251E-002  -3.6755952380952295E-003   1.5267857142857106E-002  -5.3437499999999888E-002   4.1845238095238033E-002
 jloc,nxnx(idim,:,jloc):           5  0.21803571428571389      -0.27843749999999995        7.9553571428571446E-002  -1.9151785714285670E-002   1.4271428571428548       -1.8224999999999969       0.52071428571428502      -0.12535714285714267      -0.17839285714285646       0.22781249999999909       -6.5089285714285461E-002   1.5669642857142785E-002  -7.9285714285714182E-002  0.10124999999999998       -2.8928571428571456E-002   6.9642857142857180E-003
 jloc,nxnx(idim,:,jloc):           6 -0.27843749999999906       0.63642857142857023      -0.43754464285714223        7.9553571428571182E-002  -1.8224999999999969        4.1657142857142793       -2.8639285714285680       0.52071428571428480       0.22781249999999900      -0.52071428571428391       0.35799107142857023       -6.5089285714285405E-002  0.10124999999999973      -0.23142857142857121       0.15910714285714272       -2.8928571428571394E-002
 jloc,nxnx(idim,:,jloc):           7   7.9553571428571127E-002 -0.43754464285714217       0.63642857142857046      -0.27843749999999934       0.52071428571428502       -2.8639285714285680        4.1657142857142793       -1.8224999999999971       -6.5089285714285489E-002  0.35799107142857012      -0.52071428571428369       0.22781249999999917       -2.8928571428571366E-002  0.15910714285714275      -0.23142857142857121       0.10124999999999987     
 jloc,nxnx(idim,:,jloc):           8  -1.9151785714285656E-002   7.9553571428571349E-002 -0.27843749999999978       0.21803571428571400      -0.12535714285714267       0.52071428571428480       -1.8224999999999971        1.4271428571428550        1.5669642857142785E-002  -6.5089285714285391E-002  0.22781249999999917      -0.17839285714285655        6.9642857142856972E-003  -2.8928571428571394E-002  0.10124999999999987       -7.9285714285714154E-002
 jloc,nxnx(idim,:,jloc):           9  -7.9285714285714223E-002  0.10125000000000002       -2.8928571428571456E-002   6.9642857142857102E-003 -0.17839285714285646       0.22781249999999900       -6.5089285714285489E-002   1.5669642857142785E-002   1.4271428571428542       -1.8224999999999962       0.52071428571428513      -0.12535714285714269       0.21803571428571378      -0.27843749999999984        7.9553571428571446E-002  -1.9151785714285698E-002
 jloc,nxnx(idim,:,jloc):          10  0.10124999999999977      -0.23142857142857123       0.15910714285714267       -2.8928571428571366E-002  0.22781249999999909      -0.52071428571428391       0.35799107142857012       -6.5089285714285391E-002  -1.8224999999999962        4.1657142857142775       -2.8639285714285672       0.52071428571428480      -0.27843749999999884       0.63642857142857001      -0.43754464285714206        7.9553571428571224E-002
 jloc,nxnx(idim,:,jloc):          11  -2.8928571428571359E-002  0.15910714285714267      -0.23142857142857121       0.10124999999999985       -6.5089285714285461E-002  0.35799107142857023      -0.52071428571428369       0.22781249999999917       0.52071428571428513       -2.8639285714285672        4.1657142857142784       -1.8224999999999969        7.9553571428571140E-002 -0.43754464285714217       0.63642857142857034      -0.27843749999999923     
 jloc,nxnx(idim,:,jloc):          12   6.9642857142857050E-003  -2.8928571428571428E-002  0.10125000000000003       -7.9285714285714251E-002   1.5669642857142785E-002  -6.5089285714285405E-002  0.22781249999999917      -0.17839285714285655      -0.12535714285714269       0.52071428571428480       -1.8224999999999969        1.4271428571428544       -1.9151785714285642E-002   7.9553571428571238E-002 -0.27843749999999945       0.21803571428571378     
 jloc,nxnx(idim,:,jloc):          13   4.1845238095238033E-002  -5.3437499999999909E-002   1.5267857142857123E-002  -3.6755952380952295E-003  -7.9285714285714182E-002  0.10124999999999973       -2.8928571428571366E-002   6.9642857142856972E-003  0.21803571428571378      -0.27843749999999884        7.9553571428571140E-002  -1.9151785714285642E-002  0.28190476190476116      -0.35999999999999932       0.10285714285714270       -2.4761904761904714E-002
 jloc,nxnx(idim,:,jloc):          14  -5.3437499999999902E-002  0.12214285714285694       -8.3973214285714165E-002   1.5267857142857106E-002  0.10124999999999998      -0.23142857142857121       0.15910714285714275       -2.8928571428571394E-002 -0.27843749999999984       0.63642857142857001      -0.43754464285714217        7.9553571428571238E-002 -0.35999999999999932       0.82285714285714184      -0.56571428571428495       0.10285714285714266     
 jloc,nxnx(idim,:,jloc):          15   1.5267857142857125E-002  -8.3973214285714193E-002  0.12214285714285700       -5.3437499999999888E-002  -2.8928571428571456E-002  0.15910714285714272      -0.23142857142857121       0.10124999999999987        7.9553571428571446E-002 -0.43754464285714206       0.63642857142857034      -0.27843749999999945       0.10285714285714270      -0.56571428571428495       0.82285714285714162      -0.35999999999999932     
 jloc,nxnx(idim,:,jloc):          16  -3.6755952380952330E-003   1.5267857142857121E-002  -5.3437499999999923E-002   4.1845238095238033E-002   6.9642857142857180E-003  -2.8928571428571394E-002  0.10124999999999987       -7.9285714285714154E-002  -1.9151785714285698E-002   7.9553571428571224E-002 -0.27843749999999923       0.21803571428571378       -2.4761904761904714E-002  0.10285714285714266      -0.35999999999999932       0.28190476190476144     
 idim=           2
 jloc,nxnx(idim,:,jloc):           1  0.28190476190476121       0.21803571428571381       -7.9285714285714223E-002   4.1845238095238026E-002 -0.35999999999999932      -0.27843749999999895       0.10124999999999981       -5.3437499999999916E-002  0.10285714285714279        7.9553571428571113E-002  -2.8928571428571380E-002   1.5267857142857132E-002  -2.4761904761904718E-002  -1.9151785714285687E-002   6.9642857142857119E-003  -3.6755952380952339E-003
 jloc,nxnx(idim,:,jloc):           2  0.21803571428571381        1.4271428571428544      -0.17839285714285624       -7.9285714285714251E-002 -0.27843749999999978       -1.8224999999999962       0.22781249999999867       0.10125000000000008        7.9553571428571390E-002  0.52071428571428491       -6.5089285714285364E-002  -2.8928571428571470E-002  -1.9151785714285677E-002 -0.12535714285714258        1.5669642857142764E-002   6.9642857142857215E-003
 jloc,nxnx(idim,:,jloc):           3  -7.9285714285714223E-002 -0.17839285714285624        1.4271428571428542       0.21803571428571381       0.10125000000000003       0.22781249999999870       -1.8224999999999951      -0.27843749999999978       -2.8928571428571449E-002  -6.5089285714285364E-002  0.52071428571428480        7.9553571428571446E-002   6.9642857142857119E-003   1.5669642857142767E-002 -0.12535714285714258       -1.9151785714285694E-002
 jloc,nxnx(idim,:,jloc):           4   4.1845238095238026E-002  -7.9285714285714251E-002  0.21803571428571381       0.28190476190476099       -5.3437499999999902E-002  0.10124999999999977      -0.27843749999999878      -0.35999999999999915        1.5267857142857116E-002  -2.8928571428571338E-002   7.9553571428571071E-002  0.10285714285714270       -3.6755952380952278E-003   6.9642857142856954E-003  -1.9151785714285635E-002  -2.4761904761904700E-002
 jloc,nxnx(idim,:,jloc):           5 -0.35999999999999932      -0.27843749999999978       0.10125000000000003       -5.3437499999999902E-002  0.82285714285714207       0.63642857142857023      -0.23142857142857118       0.12214285714285691      -0.56571428571428517      -0.43754464285714190       0.15910714285714275       -8.3973214285714179E-002  0.10285714285714262        7.9553571428571390E-002  -2.8928571428571456E-002   1.5267857142857121E-002
 jloc,nxnx(idim,:,jloc):           6 -0.27843749999999895       -1.8224999999999962       0.22781249999999870       0.10124999999999977       0.63642857142857023        4.1657142857142784      -0.52071428571428313      -0.23142857142857115      -0.43754464285714223       -2.8639285714285672       0.35799107142856984       0.15910714285714281        7.9553571428571168E-002  0.52071428571428469       -6.5089285714285378E-002  -2.8928571428571401E-002
 jloc,nxnx(idim,:,jloc):           7  0.10124999999999981       0.22781249999999867       -1.8224999999999951      -0.27843749999999878      -0.23142857142857118      -0.52071428571428313        4.1657142857142775       0.63642857142856990       0.15910714285714278       0.35799107142856978       -2.8639285714285663      -0.43754464285714206       -2.8928571428571380E-002  -6.5089285714285322E-002  0.52071428571428457        7.9553571428571168E-002
 jloc,nxnx(idim,:,jloc):           8  -5.3437499999999916E-002  0.10125000000000008      -0.27843749999999978      -0.35999999999999915       0.12214285714285691      -0.23142857142857115       0.63642857142856990       0.82285714285714173       -8.3973214285714165E-002  0.15910714285714270      -0.43754464285714173      -0.56571428571428506        1.5267857142857104E-002  -2.8928571428571373E-002   7.9553571428571196E-002  0.10285714285714265     
 jloc,nxnx(idim,:,jloc):           9  0.10285714285714279        7.9553571428571390E-002  -2.8928571428571449E-002   1.5267857142857116E-002 -0.56571428571428517      -0.43754464285714223       0.15910714285714278       -8.3973214285714165E-002  0.82285714285714184       0.63642857142857034      -0.23142857142857121       0.12214285714285696      -0.35999999999999921      -0.27843749999999984       0.10125000000000001       -5.3437499999999930E-002
 jloc,nxnx(idim,:,jloc):          10   7.9553571428571113E-002  0.52071428571428491       -6.5089285714285364E-002  -2.8928571428571338E-002 -0.43754464285714190       -2.8639285714285672       0.35799107142856978       0.15910714285714270       0.63642857142857034        4.1657142857142793      -0.52071428571428335      -0.23142857142857121      -0.27843749999999923       -1.8224999999999971       0.22781249999999900       0.10124999999999984     
 jloc,nxnx(idim,:,jloc):          11  -2.8928571428571380E-002  -6.5089285714285364E-002  0.52071428571428480        7.9553571428571071E-002  0.15910714285714275       0.35799107142856984       -2.8639285714285663      -0.43754464285714173      -0.23142857142857121      -0.52071428571428335        4.1657142857142784       0.63642857142857012       0.10124999999999984       0.22781249999999903       -1.8224999999999962      -0.27843749999999917     
 jloc,nxnx(idim,:,jloc):          12   1.5267857142857132E-002  -2.8928571428571470E-002   7.9553571428571446E-002  0.10285714285714270       -8.3973214285714179E-002  0.15910714285714281      -0.43754464285714206      -0.56571428571428506       0.12214285714285696      -0.23142857142857121       0.63642857142857012       0.82285714285714140       -5.3437499999999888E-002  0.10124999999999981      -0.27843749999999934      -0.35999999999999921     
 jloc,nxnx(idim,:,jloc):          13  -2.4761904761904718E-002  -1.9151785714285677E-002   6.9642857142857119E-003  -3.6755952380952278E-003  0.10285714285714262        7.9553571428571168E-002  -2.8928571428571380E-002   1.5267857142857104E-002 -0.35999999999999921      -0.27843749999999923       0.10124999999999984       -5.3437499999999888E-002  0.28190476190476127       0.21803571428571394       -7.9285714285714265E-002   4.1845238095238019E-002
 jloc,nxnx(idim,:,jloc):          14  -1.9151785714285687E-002 -0.12535714285714258        1.5669642857142767E-002   6.9642857142856954E-003   7.9553571428571390E-002  0.52071428571428469       -6.5089285714285322E-002  -2.8928571428571373E-002 -0.27843749999999984       -1.8224999999999971       0.22781249999999903       0.10124999999999981       0.21803571428571394        1.4271428571428550      -0.17839285714285644       -7.9285714285714112E-002
 jloc,nxnx(idim,:,jloc):          15   6.9642857142857119E-003   1.5669642857142764E-002 -0.12535714285714258       -1.9151785714285635E-002  -2.8928571428571456E-002  -6.5089285714285378E-002  0.52071428571428457        7.9553571428571196E-002  0.10125000000000001       0.22781249999999900       -1.8224999999999962      -0.27843749999999934       -7.9285714285714265E-002 -0.17839285714285644        1.4271428571428544       0.21803571428571367     
 jloc,nxnx(idim,:,jloc):          16  -3.6755952380952339E-003   6.9642857142857215E-003  -1.9151785714285694E-002  -2.4761904761904700E-002   1.5267857142857121E-002  -2.8928571428571401E-002   7.9553571428571168E-002  0.10285714285714265       -5.3437499999999930E-002  0.10124999999999984      -0.27843749999999917      -0.35999999999999921        4.1845238095238019E-002  -7.9285714285714112E-002  0.21803571428571367       0.28190476190476133     
 idim=           1
 k,j,afilt_nxnx(idim,:,j,k,ibase):           1           1  -4.0839947089947029E-004   3.3928571428571384E-003  -2.1205357142857109E-002   3.6441798941798886E-002  -2.1205357142857106E-002   3.3928571428571367E-003  -4.0839947089946991E-004
 k,j,afilt_nxnx(idim,:,j,k,ibase):           1           2   1.5476190476190468E-003  -1.2857142857142848E-002   8.0357142857142780E-002 -0.13809523809523794        8.0357142857142766E-002  -1.2857142857142841E-002   1.5476190476190451E-003
 k,j,afilt_nxnx(idim,:,j,k,ibase):           1           3  -2.5148809523809520E-003   2.0892857142857137E-002 -0.13058035714285707       0.22440476190476175      -0.13058035714285710        2.0892857142857123E-002  -2.5148809523809468E-003
 k,j,afilt_nxnx(idim,:,j,k,ibase):           1           4  -3.3359788359788305E-002  0.27714285714285669       -1.7321428571428545        2.9767195767195718       -1.7321428571428545       0.27714285714285669       -3.3359788359788305E-002
 k,j,afilt_nxnx(idim,:,j,k,ibase):           1           5  -2.5148809523809473E-003   2.0892857142857126E-002 -0.13058035714285707       0.22440476190476172      -0.13058035714285707        2.0892857142857137E-002  -2.5148809523809520E-003
 k,j,afilt_nxnx(idim,:,j,k,ibase):           1           6   1.5476190476190451E-003  -1.2857142857142841E-002   8.0357142857142766E-002 -0.13809523809523794        8.0357142857142766E-002  -1.2857142857142848E-002   1.5476190476190468E-003
 k,j,afilt_nxnx(idim,:,j,k,ibase):           1           7  -4.0839947089946991E-004   3.3928571428571367E-003  -2.1205357142857102E-002   3.6441798941798886E-002  -2.1205357142857113E-002   3.3928571428571384E-003  -4.0839947089947029E-004
 idim=           2
 k,j,afilt_nxnx(idim,:,j,k,ibase):           1           1  -4.0839947089947040E-004   1.5476190476190481E-003  -2.5148809523809577E-003  -3.3359788359788284E-002  -2.5148809523809490E-003   1.5476190476190451E-003  -4.0839947089946974E-004
 k,j,afilt_nxnx(idim,:,j,k,ibase):           1           2   3.3928571428571393E-003  -1.2857142857142855E-002   2.0892857142857151E-002  0.27714285714285664        2.0892857142857126E-002  -1.2857142857142838E-002   3.3928571428571354E-003
 k,j,afilt_nxnx(idim,:,j,k,ibase):           1           3  -2.1205357142857113E-002   8.0357142857142808E-002 -0.13058035714285715       -1.7321428571428539      -0.13058035714285707        8.0357142857142766E-002  -2.1205357142857102E-002
 k,j,afilt_nxnx(idim,:,j,k,ibase):           1           4   3.6441798941798872E-002 -0.13809523809523794       0.22440476190476177        2.9767195767195718       0.22440476190476183      -0.13809523809523794        3.6441798941798872E-002
 k,j,afilt_nxnx(idim,:,j,k,ibase):           1           5  -2.1205357142857106E-002   8.0357142857142766E-002 -0.13058035714285710       -1.7321428571428537      -0.13058035714285712        8.0357142857142794E-002  -2.1205357142857113E-002
 k,j,afilt_nxnx(idim,:,j,k,ibase):           1           6   3.3928571428571354E-003  -1.2857142857142838E-002   2.0892857142857126E-002  0.27714285714285664        2.0892857142857151E-002  -1.2857142857142855E-002   3.3928571428571393E-003
 k,j,afilt_nxnx(idim,:,j,k,ibase):           1           7  -4.0839947089946974E-004   1.5476190476190451E-003  -2.5148809523809490E-003  -3.3359788359788284E-002  -2.5148809523809572E-003   1.5476190476190481E-003  -4.0839947089947040E-004
 k,j,afilt_nn(:,j,k,ibase):           1           1   1.2790532879818572E-004  -4.8469387755101971E-004   7.8762755102040709E-004   1.0447845804988642E-002   7.8762755102040698E-004  -4.8469387755101966E-004   1.2790532879818572E-004
 k,j,afilt_nn(:,j,k,ibase):           1           2  -4.8469387755101988E-004   1.8367346938775490E-003  -2.9846938775510180E-003  -3.9591836734693818E-002  -2.9846938775510159E-003   1.8367346938775490E-003  -4.8469387755101993E-004
 k,j,afilt_nn(:,j,k,ibase):           1           3   7.8762755102040763E-004  -2.9846938775510180E-003   4.8501275510204056E-003   6.4336734693877462E-002   4.8501275510204039E-003  -2.9846938775510176E-003   7.8762755102040752E-004
 k,j,afilt_nn(:,j,k,ibase):           1           4   1.0447845804988642E-002  -3.9591836734693811E-002   6.4336734693877448E-002  0.85342403628117758        6.4336734693877448E-002  -3.9591836734693811E-002   1.0447845804988642E-002
 k,j,afilt_nn(:,j,k,ibase):           1           5   7.8762755102040742E-004  -2.9846938775510180E-003   4.8501275510204039E-003   6.4336734693877462E-002   4.8501275510204047E-003  -2.9846938775510180E-003   7.8762755102040752E-004
 k,j,afilt_nn(:,j,k,ibase):           1           6  -4.8469387755101993E-004   1.8367346938775490E-003  -2.9846938775510159E-003  -3.9591836734693811E-002  -2.9846938775510176E-003   1.8367346938775492E-003  -4.8469387755101988E-004
 k,j,afilt_nn(:,j,k,ibase):           1           7   1.2790532879818572E-004  -4.8469387755101966E-004   7.8762755102040709E-004   1.0447845804988642E-002   7.8762755102040709E-004  -4.8469387755101971E-004   1.2790532879818572E-004
  
 idim,k,j,afilt_nxnx(idim,:,j,k,ibase):           1           1           1  -4.0839947089947029E-004   3.3928571428571384E-003  -2.1205357142857109E-002   3.6441798941798886E-002  -2.1205357142857106E-002   3.3928571428571367E-003  -4.0839947089946991E-004
 idim,k,j,afilt_nxnx(idim,:,j,k,ibase):           1           1           2   1.5476190476190468E-003  -1.2857142857142848E-002   8.0357142857142780E-002 -0.13809523809523794        8.0357142857142766E-002  -1.2857142857142841E-002   1.5476190476190451E-003
 idim,k,j,afilt_nxnx(idim,:,j,k,ibase):           1           1           3  -2.5148809523809520E-003   2.0892857142857137E-002 -0.13058035714285707       0.22440476190476175      -0.13058035714285710        2.0892857142857123E-002  -2.5148809523809468E-003
 idim,k,j,afilt_nxnx(idim,:,j,k,ibase):           1           1           4  -3.3359788359788305E-002  0.27714285714285669       -1.7321428571428545        2.9767195767195718       -1.7321428571428545       0.27714285714285669       -3.3359788359788305E-002
 idim,k,j,afilt_nxnx(idim,:,j,k,ibase):           1           1           5  -2.5148809523809473E-003   2.0892857142857126E-002 -0.13058035714285707       0.22440476190476172      -0.13058035714285707        2.0892857142857137E-002  -2.5148809523809520E-003
 idim,k,j,afilt_nxnx(idim,:,j,k,ibase):           1           1           6   1.5476190476190451E-003  -1.2857142857142841E-002   8.0357142857142766E-002 -0.13809523809523794        8.0357142857142766E-002  -1.2857142857142848E-002   1.5476190476190468E-003
 idim,k,j,afilt_nxnx(idim,:,j,k,ibase):           1           1           7  -4.0839947089946991E-004   3.3928571428571367E-003  -2.1205357142857102E-002   3.6441798941798886E-002  -2.1205357142857113E-002   3.3928571428571384E-003  -4.0839947089947029E-004
  
 idim,k,j,afilt_nxnx(idim,:,j,k,ibase):           2           1           1  -4.0839947089947040E-004   1.5476190476190481E-003  -2.5148809523809577E-003  -3.3359788359788284E-002  -2.5148809523809490E-003   1.5476190476190451E-003  -4.0839947089946974E-004
 idim,k,j,afilt_nxnx(idim,:,j,k,ibase):           2           1           2   3.3928571428571393E-003  -1.2857142857142855E-002   2.0892857142857151E-002  0.27714285714285664        2.0892857142857126E-002  -1.2857142857142838E-002   3.3928571428571354E-003
 idim,k,j,afilt_nxnx(idim,:,j,k,ibase):           2           1           3  -2.1205357142857113E-002   8.0357142857142808E-002 -0.13058035714285715       -1.7321428571428539      -0.13058035714285707        8.0357142857142766E-002  -2.1205357142857102E-002
 idim,k,j,afilt_nxnx(idim,:,j,k,ibase):           2           1           4   3.6441798941798872E-002 -0.13809523809523794       0.22440476190476177        2.9767195767195718       0.22440476190476183      -0.13809523809523794        3.6441798941798872E-002
 idim,k,j,afilt_nxnx(idim,:,j,k,ibase):           2           1           5  -2.1205357142857106E-002   8.0357142857142766E-002 -0.13058035714285710       -1.7321428571428537      -0.13058035714285712        8.0357142857142794E-002  -2.1205357142857113E-002
 idim,k,j,afilt_nxnx(idim,:,j,k,ibase):           2           1           6   3.3928571428571354E-003  -1.2857142857142838E-002   2.0892857142857126E-002  0.27714285714285664        2.0892857142857151E-002  -1.2857142857142855E-002   3.3928571428571393E-003
