 going into get_shape_funs_with_faces
 just about to allocate
 nloc, sngi, ngi, ndim, nface,max_face_list_no:          25           6          36           2           4           2
 npoly,ele_type:           1           1
 here 1
 here 2
 here 3
 get_shape_funs
 ++++++square= T
 going into SPECTR
 here 1.1
 ndgi,ndnod,nmdnod:           6           5           5
 here 1.2
 here 1.3
 here 1.4
 here 1.5
 here 1.6 d2= T
 just leaving spectr
 out of SPECTR
 going into SPECTR
 just leaving spectr
 out of SPECTR
 sNGI,sNLOC_temp,ndim,IPOLY,IQADRA:           6           5           2           1           1
 snlx(:,idim,siloc):           1           1  -3.4235934274471185       -1.2582041072985537        9.6096788738133362E-002   9.4800807271703865E-003 -0.15725397037249156       0.27892918110740267     
 snlx(:,idim,siloc):           1           2   5.8198314066361503       -2.7479194341890611E-002  -2.2332870298200178        2.2133290889410073E-002  0.85839534968398123       -1.5305029139567186     
 snlx(:,idim,siloc):           1           3  -3.6478117120383482        1.9868246809519343        2.1688036126984644       -2.1688036126984649       -1.9868246809519341        3.6478117120383482     
 snlx(:,idim,siloc):           1           4   1.5305029139567183      -0.85839534968398146       -2.2133290889409924E-002   2.2332870298200178        2.7479194341890906E-002  -5.8198314066361512     
 snlx(:,idim,siloc):           1           5 -0.27892918110740267       0.15725397037249159       -9.4800807271704177E-003  -9.6096788738133335E-002   1.2582041072985537        3.4235934274471185     
 sWEIGHT:  0.17132449237917000       0.36076157304813899       0.46791393457269098       0.46791393457269098       0.36076157304813899       0.17132449237917000     
 sndim:           1
 finished get_shape_funs
 sn:  0.74421243257482506       0.13707965108516512       -3.8040498051401805E-002   2.3383543298538433E-002  -2.7956318735306230E-002  -2.6006633863279973E-002  0.46483764017848167        1.1523224574482653       0.44323536887287873      -0.15685108599339570       0.15997562415667782       0.14033674464838755      -0.32338018353841430      -0.42142141395480193       0.72827267187338030       0.72827267187338030      -0.42142141395480187      -0.32338018353841430       0.14033674464838758       0.15997562415667779      -0.15685108599339570       0.44323536887287879        1.1523224574482651       0.46483764017848156       -2.6006633863279973E-002  -2.7956318735306230E-002   2.3383543298538433E-002  -3.8040498051401812E-002  0.13707965108516512       0.74421243257482506     
 snlx:  -3.4235934274471185       -1.2582041072985537        9.6096788738133362E-002   9.4800807271703865E-003 -0.15725397037249156       0.27892918110740267        5.8198314066361503       -2.7479194341890611E-002  -2.2332870298200178        2.2133290889410073E-002  0.85839534968398123       -1.5305029139567186       -3.6478117120383482        1.9868246809519343        2.1688036126984644       -2.1688036126984649       -1.9868246809519341        3.6478117120383482        1.5305029139567183      -0.85839534968398146       -2.2133290889409924E-002   2.2332870298200178        2.7479194341890906E-002  -5.8198314066361512      -0.27892918110740267       0.15725397037249159       -9.4800807271704177E-003  -9.6096788738133335E-002   1.2582041072985537        3.4235934274471185     
 sweight:  0.17132449237917000       0.36076157304813899       0.46791393457269098       0.46791393457269098       0.36076157304813899       0.17132449237917000     
 snlx(:,idim,siloc):           1           1  -3.4235934274471185       -1.2582041072985537        9.6096788738133362E-002   9.4800807271703865E-003 -0.15725397037249156       0.27892918110740267     
 snlx(:,idim,siloc):           1           2   5.8198314066361503       -2.7479194341890611E-002  -2.2332870298200178        2.2133290889410073E-002  0.85839534968398123       -1.5305029139567186     
 snlx(:,idim,siloc):           1           3  -3.6478117120383482        1.9868246809519343        2.1688036126984644       -2.1688036126984649       -1.9868246809519341        3.6478117120383482     
 snlx(:,idim,siloc):           1           4   1.5305029139567183      -0.85839534968398146       -2.2133290889409924E-002   2.2332870298200178        2.7479194341890906E-002  -5.8198314066361512     
 snlx(:,idim,siloc):           1           5 -0.27892918110740267       0.15725397037249159       -9.4800807271704177E-003  -9.6096788738133335E-002   1.2582041072985537        3.4235934274471185     
 detwei:  0.11740832675592111       0.24722917348953319       0.32066046927122605       0.32066046927122577       0.24722917348953299       0.11740832675592111       0.24722917348953308       0.52059565035267075       0.67522146835035202       0.67522146835035202       0.52059565035267097       0.24722917348953274       0.32066046927122571       0.67522146835035191       0.87577380066918642       0.87577380066918675       0.67522146835035202       0.32066046927122555       0.32066046927122577       0.67522146835035224       0.87577380066918642       0.87577380066918642       0.67522146835035224       0.32066046927122555       0.24722917348953308       0.52059565035267075       0.67522146835035191       0.67522146835035202       0.52059565035267086       0.24722917348953291       0.11740832675592106       0.24722917348953286       0.32066046927122532       0.32066046927122560       0.24722917348953297       0.11740832675592093     
 weight:   2.9352081688980278E-002   6.1807293372383269E-002   8.0165117317806442E-002   8.0165117317806442E-002   6.1807293372383269E-002   2.9352081688980278E-002   6.1807293372383269E-002  0.13014891258816771       0.16880536708758798       0.16880536708758798       0.13014891258816771        6.1807293372383269E-002   8.0165117317806442E-002  0.16880536708758798       0.21894345016729655       0.21894345016729655       0.16880536708758798        8.0165117317806442E-002   8.0165117317806442E-002  0.16880536708758798       0.21894345016729655       0.21894345016729655       0.16880536708758798        8.0165117317806442E-002   6.1807293372383269E-002  0.13014891258816771       0.16880536708758798       0.16880536708758798       0.13014891258816771        6.1807293372383269E-002   2.9352081688980278E-002   6.1807293372383269E-002   8.0165117317806442E-002   8.0165117317806442E-002   6.1807293372383269E-002   2.9352081688980278E-002
  
 gi,idim,n(gi,:):           1  0.55385214479893852       0.34593795094956908      -0.24066355303761672       0.10444035011440858       -1.9354460250474409E-002  0.34593795094956908       0.21607403172669959      -0.15031928139648079        6.5233801212686654E-002  -1.2088862313992853E-002 -0.24066355303761672      -0.15031928139648079       0.10457474310533851       -4.5382122241579156E-002   8.4100300319238184E-003  0.10444035011440858        6.5233801212686654E-002  -4.5382122241579156E-002   1.9694401898506741E-002  -3.6496863356352311E-003  -1.9354460250474409E-002  -1.2088862313992853E-002   8.4100300319238184E-003  -3.6496863356352311E-003   6.7634500489870066E-004
 gi,idim,n(gi,:):           2  0.10201638059059899       0.85757269916817391      -0.31362705561842547       0.11905584840631712       -2.0805439971839406E-002   6.3719781526917804E-002  0.53564285184492055      -0.19589253558342920        7.4362691619069818E-002  -1.2995149228997223E-002  -4.4328842727302489E-002 -0.37263824778505666       0.13627933419172192       -5.1732946701458851E-002   9.0405194836817391E-003   1.9237311990828884E-002  0.16171318246351968       -5.9140909359537475E-002   2.2450458317242114E-002  -3.9232987636656043E-003  -3.5649802958780587E-003  -2.9968028243292054E-002   1.0959752414868278E-002  -4.1604274844924067E-003   7.2704974551426340E-004
 gi,idim,n(gi,:):           3  -2.8310211591191629E-002  0.32986127207208499       0.54198957671265569      -0.11673052825914808        1.7402323640424038E-002  -1.7682655345427744E-002  0.20603248291050780       0.33852855020009981       -7.2910288672602158E-002   1.0869551085903954E-002   1.2301543241755008E-002 -0.14333353493682829      -0.23550895029642510        5.0722532976743909E-002  -7.5617745236598163E-003  -5.3384796613370608E-003   6.2202208780647056E-002  0.10220341598709352       -2.2011970802877454E-002   3.2815703448615028E-003   9.8930530479962196E-004  -1.1527059953532799E-002  -1.8939920730043636E-002   4.0791687644880833E-003  -6.0812724899124307E-004
 gi,idim,n(gi,:):           4   1.7402323640424038E-002 -0.11673052825914808       0.54198957671265569       0.32986127207208504       -2.8310211591191636E-002   1.0869551085903954E-002  -7.2910288672602158E-002  0.33852855020009981       0.20603248291050782       -1.7682655345427747E-002  -7.5617745236598163E-003   5.0722532976743909E-002 -0.23550895029642510      -0.14333353493682829        1.2301543241755010E-002   3.2815703448615028E-003  -2.2011970802877454E-002  0.10220341598709352        6.2202208780647070E-002  -5.3384796613370616E-003  -6.0812724899124307E-004   4.0791687644880833E-003  -1.8939920730043636E-002  -1.1527059953532799E-002   9.8930530479962218E-004
 gi,idim,n(gi,:):           5  -2.0805439971839406E-002  0.11905584840631715      -0.31362705561842541       0.85757269916817369       0.10201638059059899       -1.2995149228997223E-002   7.4362691619069832E-002 -0.19589253558342917       0.53564285184492044        6.3719781526917804E-002   9.0405194836817391E-003  -5.1732946701458858E-002  0.13627933419172189      -0.37263824778505655       -4.4328842727302489E-002  -3.9232987636656043E-003   2.2450458317242118E-002  -5.9140909359537468E-002  0.16171318246351965        1.9237311990828884E-002   7.2704974551426340E-004  -4.1604274844924067E-003   1.0959752414868278E-002  -2.9968028243292047E-002  -3.5649802958780587E-003
 gi,idim,n(gi,:):           6  -1.9354460250474409E-002  0.10444035011440857      -0.24066355303761672       0.34593795094956897       0.55385214479893852       -1.2088862313992853E-002   6.5233801212686640E-002 -0.15031928139648079       0.21607403172669953       0.34593795094956908        8.4100300319238184E-003  -4.5382122241579149E-002  0.10457474310533851      -0.15031928139648076      -0.24066355303761672       -3.6496863356352311E-003   1.9694401898506735E-002  -4.5382122241579156E-002   6.5233801212686626E-002  0.10444035011440858        6.7634500489870066E-004  -3.6496863356352302E-003   8.4100300319238184E-003  -1.2088862313992850E-002  -1.9354460250474409E-002
 gi,idim,n(gi,:):           7  0.10201638059059899        6.3719781526917804E-002  -4.4328842727302489E-002   1.9237311990828884E-002  -3.5649802958780587E-003  0.85757269916817391       0.53564285184492055      -0.37263824778505666       0.16171318246351968       -2.9968028243292054E-002 -0.31362705561842547      -0.19589253558342920       0.13627933419172192       -5.9140909359537475E-002   1.0959752414868278E-002  0.11905584840631712        7.4362691619069818E-002  -5.1732946701458851E-002   2.2450458317242114E-002  -4.1604274844924067E-003  -2.0805439971839406E-002  -1.2995149228997223E-002   9.0405194836817391E-003  -3.9232987636656043E-003   7.2704974551426340E-004
 gi,idim,n(gi,:):           8   1.8790830741630613E-002  0.15795996040460825       -5.7768300384741185E-002   2.1929402741528905E-002  -3.8322424178614425E-003  0.15795996040460825        1.3278470459396092      -0.48561335934972005       0.18434350436004304       -3.2214693906275058E-002  -5.7768300384741185E-002 -0.48561335934972005       0.17759600813966453       -6.7417153730409130E-002   1.1781391370403871E-002   2.1929402741528905E-002  0.18434350436004304       -6.7417153730409130E-002   2.5592200324318630E-002  -4.4723295388036394E-003  -3.8322424178614425E-003  -3.2214693906275058E-002   1.1781391370403871E-002  -4.4723295388036394E-003   7.8155575723003418E-004
 gi,idim,n(gi,:):           9  -5.2145781999920629E-003   6.0758549713698672E-002   9.9831363755263913E-002  -2.1501092140303914E-002   3.2054079564984997E-003  -4.3834920197147277E-002  0.51075006948758395       0.83920495494554781      -0.18074302886533891        2.6945382077619724E-002   1.6031080476366637E-002 -0.18678887586518675      -0.30690969912552141        6.6100406439683040E-002  -9.8543258801433997E-003  -6.0855524190038890E-003   7.0906854783754095E-002  0.11650587523919542       -2.5092350381446218E-002   3.7407969341783859E-003   1.0634722883747843E-003  -1.2391229246971228E-002  -2.0359822941105308E-002   4.3849789540102964E-003  -6.5371778961477445E-004
 gi,idim,n(gi,:):          10   3.2054079564984997E-003  -2.1501092140303914E-002   9.9831363755263913E-002   6.0758549713698679E-002  -5.2145781999920638E-003   2.6945382077619724E-002 -0.18074302886533891       0.83920495494554781       0.51075006948758406       -4.3834920197147284E-002  -9.8543258801433997E-003   6.6100406439683040E-002 -0.30690969912552141      -0.18678887586518678        1.6031080476366640E-002   3.7407969341783859E-003  -2.5092350381446218E-002  0.11650587523919542        7.0906854783754095E-002  -6.0855524190038899E-003  -6.5371778961477445E-004   4.3849789540102964E-003  -2.0359822941105308E-002  -1.2391229246971228E-002   1.0634722883747845E-003
 gi,idim,n(gi,:):          11  -3.8322424178614425E-003   2.1929402741528908E-002  -5.7768300384741178E-002  0.15795996040460822        1.8790830741630613E-002  -3.2214693906275058E-002  0.18434350436004307      -0.48561335934972000        1.3278470459396090       0.15795996040460825        1.1781391370403871E-002  -6.7417153730409130E-002  0.17759600813966450      -0.48561335934971994       -5.7768300384741185E-002  -4.4723295388036394E-003   2.5592200324318637E-002  -6.7417153730409116E-002  0.18434350436004299        2.1929402741528905E-002   7.8155575723003418E-004  -4.4723295388036403E-003   1.1781391370403869E-002  -3.2214693906275051E-002  -3.8322424178614425E-003
 gi,idim,n(gi,:):          12  -3.5649802958780587E-003   1.9237311990828881E-002  -4.4328842727302489E-002   6.3719781526917790E-002  0.10201638059059899       -2.9968028243292054E-002  0.16171318246351965      -0.37263824778505666       0.53564285184492044       0.85757269916817391        1.0959752414868278E-002  -5.9140909359537468E-002  0.13627933419172192      -0.19589253558342914      -0.31362705561842547       -4.1604274844924067E-003   2.2450458317242111E-002  -5.1732946701458851E-002   7.4362691619069790E-002  0.11905584840631712        7.2704974551426340E-004  -3.9232987636656034E-003   9.0405194836817391E-003  -1.2995149228997220E-002  -2.0805439971839406E-002
 gi,idim,n(gi,:):          13  -2.8310211591191629E-002  -1.7682655345427744E-002   1.2301543241755008E-002  -5.3384796613370608E-003   9.8930530479962196E-004  0.32986127207208499       0.20603248291050780      -0.14333353493682829        6.2202208780647056E-002  -1.1527059953532799E-002  0.54198957671265569       0.33852855020009981      -0.23550895029642510       0.10220341598709352       -1.8939920730043636E-002 -0.11673052825914808       -7.2910288672602158E-002   5.0722532976743909E-002  -2.2011970802877454E-002   4.0791687644880833E-003   1.7402323640424038E-002   1.0869551085903954E-002  -7.5617745236598163E-003   3.2815703448615028E-003  -6.0812724899124307E-004
 gi,idim,n(gi,:):          14  -5.2145781999920629E-003  -4.3834920197147277E-002   1.6031080476366637E-002  -6.0855524190038890E-003   1.0634722883747843E-003   6.0758549713698672E-002  0.51075006948758395      -0.18678887586518675        7.0906854783754095E-002  -1.2391229246971228E-002   9.9831363755263913E-002  0.83920495494554781      -0.30690969912552141       0.11650587523919542       -2.0359822941105308E-002  -2.1501092140303914E-002 -0.18074302886533891        6.6100406439683040E-002  -2.5092350381446218E-002   4.3849789540102964E-003   3.2054079564984997E-003   2.6945382077619724E-002  -9.8543258801433997E-003   3.7407969341783859E-003  -6.5371778961477445E-004
 gi,idim,n(gi,:):          15   1.4470794919987046E-003  -1.6860894185921103E-002  -2.7703855155288511E-002   5.9666934310920261E-003  -8.8952163328292100E-004  -1.6860894185921103E-002  0.19645759221987688       0.32279620635783468       -6.9521948958394364E-002   1.0364413439482615E-002  -2.7703855155288511E-002  0.32279620635783468       0.53038108459759226      -0.11423035948265162        1.7029595555893461E-002   5.9666934310920261E-003  -6.9521948958394364E-002 -0.11423035948265162        2.4602263177307612E-002  -3.6677341607493437E-003  -8.8952163328292100E-004   1.0364413439482615E-002   1.7029595555893461E-002  -3.6677341607493437E-003   5.4679009719462172E-004
 gi,idim,n(gi,:):          16  -8.8952163328292100E-004   5.9666934310920261E-003  -2.7703855155288511E-002  -1.6860894185921106E-002   1.4470794919987048E-003   1.0364413439482615E-002  -6.9521948958394364E-002  0.32279620635783468       0.19645759221987691       -1.6860894185921106E-002   1.7029595555893461E-002 -0.11423035948265162       0.53038108459759226       0.32279620635783474       -2.7703855155288514E-002  -3.6677341607493437E-003   2.4602263177307612E-002 -0.11423035948265162       -6.9521948958394378E-002   5.9666934310920270E-003   5.4679009719462172E-004  -3.6677341607493437E-003   1.7029595555893461E-002   1.0364413439482615E-002  -8.8952163328292122E-004
 gi,idim,n(gi,:):          17   1.0634722883747843E-003  -6.0855524190038899E-003   1.6031080476366633E-002  -4.3834920197147270E-002  -5.2145781999920629E-003  -1.2391229246971228E-002   7.0906854783754109E-002 -0.18678887586518672       0.51075006948758395        6.0758549713698672E-002  -2.0359822941105308E-002  0.11650587523919544      -0.30690969912552141       0.83920495494554759        9.9831363755263913E-002   4.3849789540102964E-003  -2.5092350381446225E-002   6.6100406439683040E-002 -0.18074302886533888       -2.1501092140303914E-002  -6.5371778961477445E-004   3.7407969341783868E-003  -9.8543258801433980E-003   2.6945382077619720E-002   3.2054079564984997E-003
 gi,idim,n(gi,:):          18   9.8930530479962196E-004  -5.3384796613370590E-003   1.2301543241755008E-002  -1.7682655345427740E-002  -2.8310211591191629E-002  -1.1527059953532799E-002   6.2202208780647049E-002 -0.14333353493682829       0.20603248291050774       0.32986127207208499       -1.8939920730043636E-002  0.10220341598709351      -0.23550895029642510       0.33852855020009970       0.54198957671265569        4.0791687644880833E-003  -2.2011970802877451E-002   5.0722532976743909E-002  -7.2910288672602144E-002 -0.11673052825914808       -6.0812724899124307E-004   3.2815703448615019E-003  -7.5617745236598163E-003   1.0869551085903952E-002   1.7402323640424038E-002
 gi,idim,n(gi,:):          19   1.7402323640424038E-002   1.0869551085903954E-002  -7.5617745236598163E-003   3.2815703448615028E-003  -6.0812724899124307E-004 -0.11673052825914808       -7.2910288672602158E-002   5.0722532976743909E-002  -2.2011970802877454E-002   4.0791687644880833E-003  0.54198957671265569       0.33852855020009981      -0.23550895029642510       0.10220341598709352       -1.8939920730043636E-002  0.32986127207208504       0.20603248291050782      -0.14333353493682829        6.2202208780647070E-002  -1.1527059953532799E-002  -2.8310211591191636E-002  -1.7682655345427747E-002   1.2301543241755010E-002  -5.3384796613370616E-003   9.8930530479962218E-004
 gi,idim,n(gi,:):          20   3.2054079564984997E-003   2.6945382077619724E-002  -9.8543258801433997E-003   3.7407969341783859E-003  -6.5371778961477445E-004  -2.1501092140303914E-002 -0.18074302886533891        6.6100406439683040E-002  -2.5092350381446218E-002   4.3849789540102964E-003   9.9831363755263913E-002  0.83920495494554781      -0.30690969912552141       0.11650587523919542       -2.0359822941105308E-002   6.0758549713698679E-002  0.51075006948758406      -0.18678887586518678        7.0906854783754095E-002  -1.2391229246971228E-002  -5.2145781999920638E-003  -4.3834920197147284E-002   1.6031080476366640E-002  -6.0855524190038899E-003   1.0634722883747845E-003
 gi,idim,n(gi,:):          21  -8.8952163328292100E-004   1.0364413439482615E-002   1.7029595555893461E-002  -3.6677341607493437E-003   5.4679009719462172E-004   5.9666934310920261E-003  -6.9521948958394364E-002 -0.11423035948265162        2.4602263177307612E-002  -3.6677341607493437E-003  -2.7703855155288511E-002  0.32279620635783468       0.53038108459759226      -0.11423035948265162        1.7029595555893461E-002  -1.6860894185921106E-002  0.19645759221987691       0.32279620635783474       -6.9521948958394378E-002   1.0364413439482615E-002   1.4470794919987048E-003  -1.6860894185921106E-002  -2.7703855155288514E-002   5.9666934310920270E-003  -8.8952163328292122E-004
 gi,idim,n(gi,:):          22   5.4679009719462172E-004  -3.6677341607493437E-003   1.7029595555893461E-002   1.0364413439482615E-002  -8.8952163328292122E-004  -3.6677341607493437E-003   2.4602263177307612E-002 -0.11423035948265162       -6.9521948958394378E-002   5.9666934310920270E-003   1.7029595555893461E-002 -0.11423035948265162       0.53038108459759226       0.32279620635783474       -2.7703855155288514E-002   1.0364413439482615E-002  -6.9521948958394378E-002  0.32279620635783474       0.19645759221987694       -1.6860894185921110E-002  -8.8952163328292122E-004   5.9666934310920270E-003  -2.7703855155288514E-002  -1.6860894185921110E-002   1.4470794919987050E-003
 gi,idim,n(gi,:):          23  -6.5371778961477445E-004   3.7407969341783868E-003  -9.8543258801433980E-003   2.6945382077619720E-002   3.2054079564984997E-003   4.3849789540102964E-003  -2.5092350381446225E-002   6.6100406439683040E-002 -0.18074302886533888       -2.1501092140303914E-002  -2.0359822941105308E-002  0.11650587523919544      -0.30690969912552141       0.83920495494554759        9.9831363755263913E-002  -1.2391229246971228E-002   7.0906854783754109E-002 -0.18678887586518675       0.51075006948758395        6.0758549713698679E-002   1.0634722883747845E-003  -6.0855524190038916E-003   1.6031080476366637E-002  -4.3834920197147277E-002  -5.2145781999920638E-003
 gi,idim,n(gi,:):          24  -6.0812724899124307E-004   3.2815703448615019E-003  -7.5617745236598163E-003   1.0869551085903952E-002   1.7402323640424038E-002   4.0791687644880833E-003  -2.2011970802877451E-002   5.0722532976743909E-002  -7.2910288672602144E-002 -0.11673052825914808       -1.8939920730043636E-002  0.10220341598709351      -0.23550895029642510       0.33852855020009970       0.54198957671265569       -1.1527059953532799E-002   6.2202208780647056E-002 -0.14333353493682829       0.20603248291050777       0.32986127207208504        9.8930530479962218E-004  -5.3384796613370608E-003   1.2301543241755010E-002  -1.7682655345427744E-002  -2.8310211591191636E-002
 gi,idim,n(gi,:):          25  -2.0805439971839406E-002  -1.2995149228997223E-002   9.0405194836817391E-003  -3.9232987636656043E-003   7.2704974551426340E-004  0.11905584840631715        7.4362691619069832E-002  -5.1732946701458858E-002   2.2450458317242118E-002  -4.1604274844924067E-003 -0.31362705561842541      -0.19589253558342917       0.13627933419172189       -5.9140909359537468E-002   1.0959752414868278E-002  0.85757269916817369       0.53564285184492044      -0.37263824778505655       0.16171318246351965       -2.9968028243292047E-002  0.10201638059059899        6.3719781526917804E-002  -4.4328842727302489E-002   1.9237311990828884E-002  -3.5649802958780587E-003
 gi,idim,n(gi,:):          26  -3.8322424178614425E-003  -3.2214693906275058E-002   1.1781391370403871E-002  -4.4723295388036394E-003   7.8155575723003418E-004   2.1929402741528908E-002  0.18434350436004307       -6.7417153730409130E-002   2.5592200324318637E-002  -4.4723295388036403E-003  -5.7768300384741178E-002 -0.48561335934972000       0.17759600813966450       -6.7417153730409116E-002   1.1781391370403869E-002  0.15795996040460822        1.3278470459396090      -0.48561335934971994       0.18434350436004299       -3.2214693906275051E-002   1.8790830741630613E-002  0.15795996040460825       -5.7768300384741185E-002   2.1929402741528905E-002  -3.8322424178614425E-003
 gi,idim,n(gi,:):          27   1.0634722883747843E-003  -1.2391229246971228E-002  -2.0359822941105308E-002   4.3849789540102964E-003  -6.5371778961477445E-004  -6.0855524190038899E-003   7.0906854783754109E-002  0.11650587523919544       -2.5092350381446225E-002   3.7407969341783868E-003   1.6031080476366633E-002 -0.18678887586518672      -0.30690969912552141        6.6100406439683040E-002  -9.8543258801433980E-003  -4.3834920197147270E-002  0.51075006948758395       0.83920495494554759      -0.18074302886533888        2.6945382077619720E-002  -5.2145781999920629E-003   6.0758549713698672E-002   9.9831363755263913E-002  -2.1501092140303914E-002   3.2054079564984997E-003
 gi,idim,n(gi,:):          28  -6.5371778961477445E-004   4.3849789540102964E-003  -2.0359822941105308E-002  -1.2391229246971228E-002   1.0634722883747845E-003   3.7407969341783868E-003  -2.5092350381446225E-002  0.11650587523919544        7.0906854783754109E-002  -6.0855524190038916E-003  -9.8543258801433980E-003   6.6100406439683040E-002 -0.30690969912552141      -0.18678887586518675        1.6031080476366637E-002   2.6945382077619720E-002 -0.18074302886533888       0.83920495494554759       0.51075006948758395       -4.3834920197147277E-002   3.2054079564984997E-003  -2.1501092140303914E-002   9.9831363755263913E-002   6.0758549713698679E-002  -5.2145781999920638E-003
 gi,idim,n(gi,:):          29   7.8155575723003418E-004  -4.4723295388036403E-003   1.1781391370403869E-002  -3.2214693906275051E-002  -3.8322424178614425E-003  -4.4723295388036403E-003   2.5592200324318640E-002  -6.7417153730409130E-002  0.18434350436004304        2.1929402741528908E-002   1.1781391370403869E-002  -6.7417153730409130E-002  0.17759600813966447      -0.48561335934971989       -5.7768300384741178E-002  -3.2214693906275051E-002  0.18434350436004304      -0.48561335934971989        1.3278470459396088       0.15795996040460822       -3.8322424178614425E-003   2.1929402741528908E-002  -5.7768300384741178E-002  0.15795996040460822        1.8790830741630613E-002
 gi,idim,n(gi,:):          30   7.2704974551426340E-004  -3.9232987636656034E-003   9.0405194836817391E-003  -1.2995149228997220E-002  -2.0805439971839406E-002  -4.1604274844924067E-003   2.2450458317242114E-002  -5.1732946701458858E-002   7.4362691619069804E-002  0.11905584840631715        1.0959752414868278E-002  -5.9140909359537454E-002  0.13627933419172189      -0.19589253558342912      -0.31362705561842541       -2.9968028243292047E-002  0.16171318246351962      -0.37263824778505655       0.53564285184492033       0.85757269916817369       -3.5649802958780587E-003   1.9237311990828881E-002  -4.4328842727302489E-002   6.3719781526917790E-002  0.10201638059059899     
 gi,idim,n(gi,:):          31  -1.9354460250474409E-002  -1.2088862313992853E-002   8.4100300319238184E-003  -3.6496863356352311E-003   6.7634500489870066E-004  0.10444035011440857        6.5233801212686640E-002  -4.5382122241579149E-002   1.9694401898506735E-002  -3.6496863356352302E-003 -0.24066355303761672      -0.15031928139648079       0.10457474310533851       -4.5382122241579156E-002   8.4100300319238184E-003  0.34593795094956897       0.21607403172669953      -0.15031928139648076        6.5233801212686626E-002  -1.2088862313992850E-002  0.55385214479893852       0.34593795094956908      -0.24066355303761672       0.10444035011440858       -1.9354460250474409E-002
 gi,idim,n(gi,:):          32  -3.5649802958780587E-003  -2.9968028243292054E-002   1.0959752414868278E-002  -4.1604274844924067E-003   7.2704974551426340E-004   1.9237311990828881E-002  0.16171318246351965       -5.9140909359537468E-002   2.2450458317242111E-002  -3.9232987636656034E-003  -4.4328842727302489E-002 -0.37263824778505666       0.13627933419172192       -5.1732946701458851E-002   9.0405194836817391E-003   6.3719781526917790E-002  0.53564285184492044      -0.19589253558342914        7.4362691619069790E-002  -1.2995149228997220E-002  0.10201638059059899       0.85757269916817391      -0.31362705561842547       0.11905584840631712       -2.0805439971839406E-002
 gi,idim,n(gi,:):          33   9.8930530479962196E-004  -1.1527059953532799E-002  -1.8939920730043636E-002   4.0791687644880833E-003  -6.0812724899124307E-004  -5.3384796613370590E-003   6.2202208780647049E-002  0.10220341598709351       -2.2011970802877451E-002   3.2815703448615019E-003   1.2301543241755008E-002 -0.14333353493682829      -0.23550895029642510        5.0722532976743909E-002  -7.5617745236598163E-003  -1.7682655345427740E-002  0.20603248291050774       0.33852855020009970       -7.2910288672602144E-002   1.0869551085903952E-002  -2.8310211591191629E-002  0.32986127207208499       0.54198957671265569      -0.11673052825914808        1.7402323640424038E-002
 gi,idim,n(gi,:):          34  -6.0812724899124307E-004   4.0791687644880833E-003  -1.8939920730043636E-002  -1.1527059953532799E-002   9.8930530479962218E-004   3.2815703448615019E-003  -2.2011970802877451E-002  0.10220341598709351        6.2202208780647056E-002  -5.3384796613370608E-003  -7.5617745236598163E-003   5.0722532976743909E-002 -0.23550895029642510      -0.14333353493682829        1.2301543241755010E-002   1.0869551085903952E-002  -7.2910288672602144E-002  0.33852855020009970       0.20603248291050777       -1.7682655345427744E-002   1.7402323640424038E-002 -0.11673052825914808       0.54198957671265569       0.32986127207208504       -2.8310211591191636E-002
 gi,idim,n(gi,:):          35   7.2704974551426340E-004  -4.1604274844924067E-003   1.0959752414868278E-002  -2.9968028243292047E-002  -3.5649802958780587E-003  -3.9232987636656034E-003   2.2450458317242114E-002  -5.9140909359537454E-002  0.16171318246351962        1.9237311990828881E-002   9.0405194836817391E-003  -5.1732946701458858E-002  0.13627933419172189      -0.37263824778505655       -4.4328842727302489E-002  -1.2995149228997220E-002   7.4362691619069804E-002 -0.19589253558342912       0.53564285184492033        6.3719781526917790E-002  -2.0805439971839406E-002  0.11905584840631715      -0.31362705561842541       0.85757269916817369       0.10201638059059899     
 gi,idim,n(gi,:):          36   6.7634500489870066E-004  -3.6496863356352302E-003   8.4100300319238184E-003  -1.2088862313992850E-002  -1.9354460250474409E-002  -3.6496863356352302E-003   1.9694401898506731E-002  -4.5382122241579149E-002   6.5233801212686626E-002  0.10444035011440857        8.4100300319238184E-003  -4.5382122241579149E-002  0.10457474310533851      -0.15031928139648076      -0.24066355303761672       -1.2088862313992850E-002   6.5233801212686626E-002 -0.15031928139648076       0.21607403172669951       0.34593795094956897       -1.9354460250474409E-002  0.10444035011440857      -0.24066355303761672       0.34593795094956897       0.55385214479893852     
  
 gi,idim,nlx(gi,idim,:):           1           1  -2.5478807927876028        4.3311908883080550       -2.7147468277909965        1.1390192966585875      -0.20758256438804407       -1.5914150897450785        2.7052766972973616       -1.6956401880393328       0.71143536280993069      -0.12965678232288139        1.1071222709287580       -1.8820181484406262        1.1796300209525383      -0.49493431322140147        9.0200169780731476E-002 -0.48045595660754431       0.81673619400976372      -0.51192202075772320       0.21478579661955710       -3.9144013264053423E-002   8.9036140764348973E-002 -0.15135422453840403        9.4867303597165803E-002  -3.9803228909955468E-002   7.2540090868447307E-003
  
 iloc,nnx(idim,iloc,:):           1 -0.10299823633156943       0.16043746442335477       -8.7630245513843130E-002   4.1853251588701207E-002  -1.1662234166643318E-002 -0.10440917107583803       0.16263523790860648       -8.8830659835950690E-002   4.2426583802245108E-002  -1.1821990799063119E-002   6.1375661375661451E-002  -9.5603146608437550E-002   5.2218023011673692E-002  -2.4939951289157592E-002   6.9494135102600709E-003  -1.9753086419753100E-002   3.0768828793520081E-002  -1.6805800509504146E-002   8.0266509896139166E-003  -2.2365928538767990E-003   1.0229276895943568E-002  -1.5933857768072931E-002   8.7030038352789527E-003  -4.1566585481929352E-003   1.1582355850433454E-003
  
 here1
 here2
 here3
 here3.5
 here4
 idim=           1
 jloc,nxnx(idim,:,jloc):           1  0.26839487509681442      -0.37319149333258567       0.16610509224265746       -8.0218732211677038E-002   1.8910258204790725E-002  0.27207151722142953      -0.37830370557001908       0.16838050446515981       -8.1317618954302867E-002   1.9169302837733083E-002 -0.15993393242070500       0.22238123232832183       -9.8980431678843850E-002   4.7801573304218532E-002  -1.1268441532991738E-002   5.1472989744594626E-002  -7.1570971324057500E-002   3.1855771115030150E-002  -1.5384414396759966E-002   3.6266248611927371E-003  -2.6655655403450842E-002   3.7063538721387033E-002  -1.6496738613140695E-002   7.9669288840364446E-003  -1.8780735888319600E-003
 jloc,nxnx(idim,:,jloc):           2 -0.37319149333258567       0.90682045108852671      -0.77428515439097256       0.32087492884670921       -8.0218732211677274E-002 -0.37830370557002063       0.91924264904864572      -0.78489180034153549       0.32527047581721275       -8.1317618954303117E-002  0.22238123232832263      -0.54036561126508220       0.46138909884941565      -0.19120629321687488        4.7801573304218685E-002  -7.1570971324057764E-002  0.17391077144163525      -0.14849304330785759        6.1537657587040107E-002  -1.5384414396760009E-002   3.7063538721387047E-002  -9.0060935210846987E-002   7.6898183141569307E-002  -3.1867715536145813E-002   7.9669288840364463E-003
 jloc,nxnx(idim,:,jloc):           3  0.16610509224265746      -0.77428515439097256        1.2163601242966300      -0.77428515439097234       0.16610509224265799       0.16838050446516081      -0.78489180034153605        1.2330225917527513      -0.78489180034153605       0.16838050446516040       -9.8980431678844391E-002  0.46138909884941598      -0.72481733434114348       0.46138909884941592       -9.8980431678844238E-002   3.1855771115030317E-002 -0.14849304330785776       0.23327454438565501      -0.14849304330785781        3.1855771115030289E-002  -1.6496738613140695E-002   7.6898183141569321E-002 -0.12080288905685725        7.6898183141569321E-002  -1.6496738613140698E-002
 jloc,nxnx(idim,:,jloc):           4  -8.0218732211677038E-002  0.32087492884670921      -0.77428515439097234       0.90682045108852671      -0.37319149333258622       -8.1317618954303270E-002  0.32527047581721275      -0.78489180034153572       0.91924264904864594      -0.37830370557001991        4.7801573304218727E-002 -0.19120629321687488       0.46138909884941581      -0.54036561126508220       0.22238123232832235       -1.5384414396760035E-002   6.1537657587040079E-002 -0.14849304330785779       0.17391077144163528       -7.1570971324057694E-002   7.9669288840364446E-003  -3.1867715536145813E-002   7.6898183141569321E-002  -9.0060935210847001E-002   3.7063538721387047E-002
 jloc,nxnx(idim,:,jloc):           5   1.8910258204790725E-002  -8.0218732211677274E-002  0.16610509224265799      -0.37319149333258622       0.26839487509681492        1.9169302837733167E-002  -8.1317618954303172E-002  0.16838050446516054      -0.37830370557001991       0.27207151722142964       -1.1268441532991776E-002   4.7801573304218713E-002  -9.8980431678844266E-002  0.22238123232832235      -0.15993393242070503        3.6266248611927492E-003  -1.5384414396760027E-002   3.1855771115030303E-002  -7.1570971324057694E-002   5.1472989744594674E-002  -1.8780735888319607E-003   7.9669288840364481E-003  -1.6496738613140705E-002   3.7063538721387054E-002  -2.6655655403450836E-002
 jloc,nxnx(idim,:,jloc):           6  0.27207151722142953      -0.37830370557002063       0.16838050446516081       -8.1317618954303270E-002   1.9169302837733167E-002   1.6471356718270314       -2.2902710823698476        1.0193846756809701      -0.49230126069632119       0.11605199555816811      -0.35295764396293650       0.49077237479354113      -0.21843957336020875       0.10549312729206928       -2.4868284762464710E-002  0.23530509597529098      -0.32718158319569396       0.14562638224013913       -7.0328751528046157E-002   1.6578856508309790E-002   5.1472989744594681E-002  -7.1570971324057764E-002   3.1855771115030358E-002  -1.5384414396760034E-002   3.6266248611927501E-003
 jloc,nxnx(idim,:,jloc):           7 -0.37830370557001908       0.91924264904864572      -0.78489180034153605       0.32527047581721275       -8.1317618954303172E-002  -2.2902710823698476        5.5651446861323386       -4.7517773858514563        1.9692050427852852      -0.49230126069632130       0.49077237479354041       -1.1925310041712200        1.0182380112538876      -0.42197250916827755       0.10549312729206936      -0.32718158319569390       0.79502066944747984      -0.67882534083592461       0.28131500611218485       -7.0328751528046199E-002  -7.1570971324057570E-002  0.17391077144163528      -0.14849304330785779        6.1537657587040079E-002  -1.5384414396760006E-002
 jloc,nxnx(idim,:,jloc):           8  0.16838050446515981      -0.78489180034153549        1.2330225917527513      -0.78489180034153572       0.16838050446516054        1.0193846756809701       -4.7517773858514563        7.4647854203409745       -4.7517773858514563        1.0193846756809699      -0.21843957336020847        1.0182380112538871       -1.5995968757873578        1.0182380112538874      -0.21843957336020919       0.14562638224013913      -0.67882534083592472        1.0663979171915712      -0.67882534083592494       0.14562638224013924        3.1855771115030199E-002 -0.14849304330785762       0.23327454438565501      -0.14849304330785779        3.1855771115030240E-002
 jloc,nxnx(idim,:,jloc):           9  -8.1317618954302867E-002  0.32527047581721275      -0.78489180034153605       0.91924264904864594      -0.37830370557001991      -0.49230126069632119        1.9692050427852852       -4.7517773858514563        5.5651446861323395       -2.2902710823698489       0.10549312729206912      -0.42197250916827744        1.0182380112538874       -1.1925310041712200       0.49077237479354124       -7.0328751528046130E-002  0.28131500611218485      -0.67882534083592483       0.79502066944748018      -0.32718158319569401       -1.5384414396759985E-002   6.1537657587040079E-002 -0.14849304330785781       0.17391077144163530       -7.1570971324057597E-002
 jloc,nxnx(idim,:,jloc):          10   1.9169302837733083E-002  -8.1317618954303117E-002  0.16838050446516040      -0.37830370557001991       0.27207151722142964       0.11605199555816811      -0.49230126069632130        1.0193846756809699       -2.2902710823698489        1.6471356718270314       -2.4868284762464644E-002  0.10549312729206924      -0.21843957336020875       0.49077237479354069      -0.35295764396293666        1.6578856508309783E-002  -7.0328751528046143E-002  0.14562638224013913      -0.32718158319569379       0.23530509597529101        3.6266248611927414E-003  -1.5384414396760009E-002   3.1855771115030261E-002  -7.1570971324057653E-002   5.1472989744594647E-002
 jloc,nxnx(idim,:,jloc):          11 -0.15993393242070500       0.22238123232832263       -9.8980431678844391E-002   4.7801573304218727E-002  -1.1268441532991776E-002 -0.35295764396293650       0.49077237479354041      -0.21843957336020847       0.10549312729206912       -2.4868284762464644E-002   1.7206685143193090       -2.3925153271185020        1.0648929201310131      -0.51427899554883527       0.12123288821701479      -0.35295764396293688       0.49077237479354080      -0.21843957336020861       0.10549312729206918       -2.4868284762464683E-002 -0.15993393242070511       0.22238123232832266       -9.8980431678844447E-002   4.7801573304218761E-002  -1.1268441532991780E-002
